70 6F 72 74 3D b8 57 00 00 00 48 bf 84 ce ff ff
ff 7f 00 00 0f 05 00 00 00 00 00 00 00 00 00 00
00 00 00 00 00 00 00 00 00 00 00 00 00 00 00 00                              
00 00 00 00 00 00 00 00 00 00 00 00 00 00 00 00                            
00 00 00 00 00 00 00 00 00 00 00 00 00 00 00 00
00 00 00 00 00 00 00 00 00 00 00 00 00 00 00 00
00 00 00 00 76 69 63 74 69 6D 2E 74 78 74 00 00
00 00 00 00 00 00 00 00 00 00 00 00 00 00 00 00
00 00 00 00 00 00 00 00 00 00 00 00 00 00 00 00
00 00 00 00 00 00 00 00 25 ce ff ff ff 7f 00 00 
